#prueba
x<-c(1,2,3)
y<-c(2,3,4)
z<-c(5,6,7)
